-1
-1
-1
-1
-1
-1
-1
-1
-1
-1
-1
1913
-1
-1
-1
-1
-1
-1
-1
-1
3109
-1
31
-1
4111
-1
-1
-1
-1
2835
-1
-1
-1
-1
-1
-1
-1
-1
2767
-1
-1
3213
-1
-1
-1
-1
-1
2375
-1
-1
-1
-1
-1
2309
-1
-1
-1
-1
-1
2411
-1
-1
-1
4713
-1
5087
2612
-1
-1
4660
5100
-1
-1
-1
-1
-1
-1
-1
2360
-1
-1
-1
538
-1
-1
1660
-1
-1
-1
1794
-1
-1
-1
-1
-1
4900
-1
-1
1317
-1
5835
-1
-1
-1
-1
3774
-1
-1
-1
-1
1564
-1
-1
-1
-1
-1
-1
-1
-1
-1
-1
-1
-1
-1
-1
-1
-1
-1
-1
-1
-1
-1
-1
2476
-1
3470
-1
3217
-1
-1
-1
-1
-1
-1
-1
-1
-1
-1
-1
5252
-1
-1
-1
-1
-1
-1
-1
-1
-1
-1
-1
-1
3313
-1
3683
-1
-1
-1
-1
1695
-1
1202
395
-1
-1
-1
-1
-1
-1
-1
-1
1024
-1
-1
155
-1
-1
-1
-1
-1
-1
-1
-1
-1
-1
-1
-1
-1
1621
-1
-1
-1
2815
3899
-1
-1
-1
-1
-1
-1
-1
5670
4971
-1
-1
-1
4969
-1
-1
-1
-1
-1
1730
110
-1
-1
-1
-1
-1
-1
-1
-1
-1
-1
-1
1505
-1
-1
-1
-1
-1
572
-1
-1
-1
-1
-1
-1
-1
-1
-1
-1
-1
-1
-1
-1
-1
-1
-1
-1
1992
-1
-1
-1
-1
-1
-1
-1
-1
-1
3137
-1
-1
-1
-1
1777
-1
-1
417
-1
-1
5279
-1
-1
-1
5093
4663
-1
-1
-1
2973
-1
-1
-1
-1
-1
149
-1
-1
-1
-1
-1
-1
-1
-1
2024
-1
-1
-1
-1
-1
-1
-1
-1
-1
-1
-1
-1
-1
-1
-1
-1
-1
-1
-1
3505
-1
-1
3336
-1
-1
-1
267
-1
-1
-1
-1
-1
-1
-1
-1
-1
-1
-1
-1
-1
-1
-1
2457
2632
-1
-1
-1
1951
-1
-1
3783
-1
-1
-1
2444
-1
-1
1064
-1
-1
-1
465
5636
-1
-1
-1
-1
-1
-1
-1
-1
4870
3203
3707
-1
-1
1989
-1
3635
-1
1825
-1
4400
2821
-1
-1
3024
-1
-1
-1
4048
-1
-1
-1
-1
-1
-1
-1
-1
-1
-1
4152
-1
-1
-1
-1
-1
-1
4881
5135
-1
-1
-1
-1
-1
-1
-1
-1
-1
-1
3829
-1
953
-1
-1
-1
-1
-1
-1
1166
-1
4098
-1
3402
-1
-1
-1
-1
-1
2415
-1
-1
5300
4572
4965
-1
2303
-1
-1
3486
-1
-1
-1
-1
-1
-1
-1
-1
4162
-1
3468
-1
-1
-1
-1
-1
-1
-1
-1
5692
5382
-1
-1
3362
-1
-1
-1
-1
-1
-1
-1
-1
-1
-1
-1
5705
-1
-1
-1
-1
-1
-1
-1
-1
-1
-1
-1
-1
-1
-1
-1
-1
-1
-1
-1
-1
4505
-1
-1
-1
-1
-1
-1
-1
3985
-1
-1
-1
-1
2147
-1
1176
-1
3117
-1
-1
-1
93
-1
-1
-1
-1
-1
-1
-1
2845
-1
-1
-1
-1
-1
-1
-1
-1
-1
-1
5309
-1
4834
-1
-1
